%% simple data
a = [0.101264,-0.046128,0.101264,-0.046128,0.101264,-0.101697,0.101118,0.303405,0.453618,0.76023,0.401859,-0.571156,-0.979348,0.118543,1.179861,1.140436,0.964927,0.736208,0.33818,0.037235,-0.279469,-0.666263,-1.321354,-1.689606,1.469276,-1.83178,1.599573,0.701195,0.029702,2.698685,-0.227614,0.192962,-0.464314,-1.292149,0.420356,-0.930825,-0.388576,2.061032,1.382679,2.088774,2.014803,-0.246264,-0.282266,0.155661,0.57581,-1.642372,-2.250372,-1.639838,-2.420215,0.684765,0.484173,0.72842,0.670495,1.247411,-0.285939,-1.112207,1.069814,-2.401283,0.8525,0.238972,1.923099,2.142347,2.772915,-0.961987,0.940643,0.216243,-1.155571,0.707564,-1.704363,-2.741205,-2.040627,-0.702846,-1.037942,2.876061,0.172974,-0.282197,0.349473,0.172019,0.792469,-1.132277,-0.192295,-0.377563,1.79874,1.807919,2.637783,0.250194,1.177264,0.546754,0.040738,-0.012887,-1.836195,0.384701,-3.339677,-2.361179,-1.363699,-0.12295,1.637589,0.319005,0.673747,1.066807,-0.334019,-1.108073,0.966536,-2.372043,0.140823,1.310695,2.092464,3.135178,0.239482,1.568811,0.498452,-0.754028,0.513737,-0.613899,-1.776461,-2.689232,-2.206949,-2.825139,0.782429,2.774491,-0.506842,0.815433,0.737827,-0.970548,0.453872,-1.692485,0.361202,-1.201583,1.953353,1.501673,2.217532,1.102104,-0.561707,-0.257441,0.255171,-1.41055,-2.206209,-0.934331,-1.691263,1.533396,-1.360695,4.137105,-0.949755,2.222316,-0.479235,0.347976,-0.204037,-0.514362,-2.664919,0.789622,0.656021,2.468732,2.942605,0.887553,1.435171,-0.672555,0.094631,0.22055,-2.953088,0.078282,-3.23897,-1.723228,0.103497,-1.336996,3.777191,1.13831,-0.929283,-0.426814,0.694214,-1.432348,0.684217,-1.622008,-0.839732,2.730974,4.032711,2.119581,-0.734432,-0.589741,0.165286,-0.099108,1.780798,-4.443636,-1.619146,-2.096325,-0.713006,-0.635578,3.497324,0.133617,0.674991,-0.762151,0.332501,0.05836,1.206391,-1.503944,-2.685616,1.146625,0.402181,2.483232,2.141463,3.627768,-1.611522,0.458747,0.135906,-0.753007,1.047205,-1.672734,-1.632148,-3.543072,-1.767492,1.363962,-1.080069,3.791387,-0.260535,1.524884,-0.687335,0.477051,0.466167,-1.511867,0.750954,-2.187629,-0.689923,1.956688,2.00691,2.795666,1.808991,0.38933,-1.220206,0.523919,-0.133843,-0.616607,1.301153,-2.117575,-1.489843,-2.862567,-1.421879,-0.226355,-0.019844,1.355693,1.528044,1.073483,0.434075,-0.972146,-0.015658,0.271431,0.813846,-0.625405,0.36691,-3.32366,1.648804,-3.012971,2.651024,3.424327,-0.104336,2.477836,0.00706,-1.825663,-3.081234,-2.346887,-1.640275,-0.381413,0.141239,0.865633,1.101479,0.621771,0.85839,0.471711,-0.000804,-0.649837,-0.039852,6.093333,-5.401255,-14.197873];
b = [-0.049748,-0.09789,-0.167551,0.166693,0.409357,0.382399,0.764531,1.034092,0.801341,0.78378,0.814601,0.443658,0.439475,0.435551,0.586829,0.569659,0.019037,-0.57476,-0.677995,-0.77569,-1.345612,-2.092216,-2.098034,-1.367582,0.075584,1.998385,-0.165323,-0.405388,0.485171,0.705281,-1.665356,1.081766,1.993,2.577929,1.283744,2.251388,1.075,1.187513,0.175013,-0.414455,0.324768,0.311845,-1.64002,-0.724964,-2.531288,-1.829561,-2.518977,-0.983029,0.147659,0.879408,-0.068932,0.135327,-0.652712,0.182426,1.2243,2.341852,1.679471,2.289782,2.121378,1.57493,0.041193,-0.412997,0.132208,0.230997,0.630246,-2.638044,-1.252235,-3.034227,-1.539896,-1.646467,-0.767222,-0.237509,0.741925,0.121728,-0.300489,-0.10692,1.135907,1.769216,1.97722,1.005152,2.516832,0.495594,0.2312,-0.426917,0.845849,0.511474,-0.420765,0.123281,0.199949,-1.509367,-2.731013,-1.209802,-1.611487,-1.648269,0.240162,0.36774,-0.268269,0.418767,-0.401126,0.004044,1.700211,2.11564,0.920688,3.656072,1.418629,1.249035,-0.460961,0.549732,0.397718,-0.138917,-0.761843,0.415397,-2.62718,-3.33242,-1.855297,-2.125932,-1.141721,0.370086,0.586713,0.092446,-0.259599,-0.697176,0.898214,1.494758,1.432983,1.442722,3.104185,0.934906,2.032878,0.51529,0.14053,-0.318031,-2.387369,-1.506636,-3.084022,-1.731367,-1.17125,-0.610011,0.098343,1.206359,-0.785462,-0.232469,0.08713,0.914813,-1.124003,0.808165,1.936849,1.494293,4.115929,2.524358,-0.415624,0.906183,0.649057,-0.034073,-0.864319,-0.54059,-0.682187,-2.825393,-4.034102,-1.893248,-1.203299,1.388783,-0.058911,0.242787,0.430162,-1.066961,1.291873,-1.810124,1.324783,1.976255,5.058624,3.221863,0.328344,1.657027,0.207919,0.179038,0.358989,-1.447,-0.729616,-3.715481,-4.140353,-2.4825,-1.454827,0.914374,1.555886,-0.281741,1.52677,0.413459,-1.007562,-1.100386,0.082474,-0.272361,1.956555,2.172125,4.47546,3.342306,0.349031,1.640758,-0.288563,-0.103937,0.412955,-0.809276,-2.138563,-1.214666,-3.775978,-3.915838,-1.371966,-0.707136,0.956259,0.340807,-0.651652,0.291897,-0.339028,0.078047,0.654325,-1.165763,0.916942,1.715848,2.197145,3.679653,3.166814,0.096376,1.720387,0.44852,-0.329299,0.139968,0.352447,-0.979407,-2.147635,-0.626144,-3.601111,-3.857543,-1.2661,-0.85287,-0.287116,1.207148,-0.175813,-0.158428,1.197595,0.636728,-0.140381,-1.293561,0.289818,0.237843,0.146534,1.201726,1.221556,2.660045,2.038041,0.665928,-1.255297,-0.194761,-0.094786,0.012566,0.696038,-1.194337,-2.395401,-0.615664,-0.05333,0.24718,0.187371,-0.014014,0.089428,1.010731,1.646981,1.263208,-5.719237,-11.722363,-4.466629,1.156828,1.100303,1.463467];
%% data from x and y com movement
a_y  = [0.424713,0.265215,0.152077,-0.3978,-0.437105,-0.403738,-0.7618,-0.761208,-0.502849,-0.222719,-0.236149,-0.1043,-0.321688,-0.193232,-0.045591,0.027922,0.240359,0.30234,0.48431,0.622576,0.762886,2.16901,2.512941,2.363825,1.735414,0.881779,0.560585,0.167053,-0.119819,-0.837948,-1.066766,-1.582287,-2.993196,-2.382768,-0.723932,-0.723113,-0.815007,-0.56996,-0.345415,-0.273941,-0.127801,0.159479,0.380165,0.783205,1.075381,2.248134,3.557625,3.006968,1.225131,0.985408,0.286535,-0.017037,-0.775659,-1.07476,-2.481996,-3.145739,-2.248076,-1.684087,-1.25708,-0.766767,-0.366798,-0.155767,0.015346,0.136567,0.259823,0.38374,0.894036,1.536562,3.369001,3.071986,1.860984,0.534726,0.648507,0.316431,-0.323135,-0.335572,-0.601484,-2.496575,-2.620989,-1.320958,-1.246913,-0.961987,-0.694937,-0.453197,-0.260647,-0.462844,-0.271899,-0.127366,0.435546,0.926068,1.543452,3.591342,3.058764,2.388149,0.867888,1.213714,0.35861,-0.139971,-0.859806,-0.554414,-3.166348,-3.320581,-2.717569,-1.762829,-1.026051,-0.49977,-0.099989,0.059039,0.150575,-0.092533,0.058866,0.458434,0.979919,1.778997,4.003164,5.093009,3.089214,0.772591,0.970524,0.26948,-0.792255,-0.567716,-1.547597,-2.997752,-3.229098,-2.081286,-1.671717,-1.015164,-0.5218,-0.403087,-0.143688,0.304385,0.528217,0.926102,1.604603,3.940047,3.772193,3.295397,1.299303,1.762778,0.210277,0.078765,0.059051,-0.150963,-1.489319,-2.081584,-4.5323,-4.494389,-2.383706,-1.16345,-0.535359,-0.130541,-0.056118,0.067992,0.208736,0.38209,0.753813,1.313193,3.07643,4.933938,4.743398,1.573503,1.238335,-0.08394,-0.354496,0.023196,-1.083364,-1.60326,-4.944085,-5.802891,-2.934662,-1.384763,-0.687909,-0.51563,-0.179629,-0.110065,-0.023798,0.194377,0.519502,1.065281,2.638719,5.324793,5.202359,2.764556,1.952526,0.07647,0.563048,0.273888,-0.118606,0.119183,-1.430513,-2.199934,-5.355833,-5.117921,-2.508901,-1.213889,-0.554274,-0.439134,0.060538,0.0601,0.164046,0.1896,0.531914,1.266289,1.974791,4.499818,4.84513,3.924499,1.303963,1.423762,0.087819,0.225973,-0.006343,-0.004962,-1.027347,-1.069262,-3.205601,-4.191516,-3.931434,-1.712975,-1.291666,-0.827403,-0.212238,-0.120655,0.031285,-0.127926,-0.03058,0.266888,0.483004,0.97926,1.790255,3.471172,4.44533,3.70748,2.144567,1.574772,0.927055,0.030304,0.40657,0.644983,-0.504076,-0.148768,-0.056867,-1.815395,-1.32613,-4.795632,-4.436352,-4.654759,-2.046029,-1.014446,-0.842088,0.019458,1.932568,1.723548,1.826668,1.644871,1.910056,0.818087,1.020321,1.201682,0.346569,-0.159937,-0.300059,-1.345584,-2.56582,-1.135246,-5.035152,-1.619946,3.066971,-0.457545,-0.502421,0.393353,-0.023714,-0.686125,-0.03021,0.064849,-0.109426,-0.217772,-0.566722,-0.730471,-0.957453,-1.097431,-0.686549,-0.777382,-0.312633];
